tesdt <- 3


basket_1 * 20 + basket_2 * 15 
